0 0.9 0.0002 0.0998
0.1 0.900146 0.0002256 0.0996284
0.2 0.900285 0.000254487 0.0994607
0.3 0.900415 0.000287083 0.0992974
0.4 0.900537 0.000323865 0.099139
0.5 0.900649 0.000365372 0.0989861
0.6 0.900748 0.000412211 0.0988393
0.7 0.900836 0.000465066 0.0986993
0.8 0.900908 0.000524711 0.098567
0.9 0.900965 0.000592017 0.0984433
1 0.901003 0.000667967 0.0983293
1.1 0.90102 0.000753668 0.0982262
1.2 0.901014 0.000850368 0.0981353
1.3 0.900982 0.000959473 0.098058
1.4 0.900921 0.00108257 0.0979962
1.5 0.900827 0.00122144 0.0979518
1.6 0.900695 0.00137808 0.0979269
1.7 0.900521 0.00155477 0.097924
1.8 0.9003 0.00175402 0.0979458
1.9 0.900026 0.00197869 0.0979955
2 0.899691 0.00223198 0.0980765
2.1 0.89929 0.00251747 0.0981928
2.2 0.898812 0.00283916 0.0983489
2.3 0.898249 0.00320157 0.0985497
2.4 0.897589 0.00360968 0.0988008
2.5 0.896822 0.00406911 0.0991085
2.6 0.895934 0.00458608 0.09948
2.7 0.894909 0.00516751 0.0999231
2.8 0.893732 0.00582105 0.100447
2.9 0.892384 0.0065552 0.101061
3 0.890844 0.00737929 0.101776
3.1 0.88909 0.00830357 0.102606
3.2 0.887098 0.00933925 0.103563
3.3 0.884838 0.0104985 0.104664
3.4 0.882281 0.0117946 0.105924
3.5 0.879395 0.0132416 0.107363
3.6 0.876143 0.0148547 0.109003
3.7 0.872486 0.0166498 0.110864
3.8 0.868383 0.0186435 0.112973
3.9 0.863789 0.020853 0.115358
4 0.858658 0.0232957 0.118046
4.1 0.85294 0.0259886 0.121072
4.2 0.846584 0.0289482 0.124468
4.3 0.839539 0.0321897 0.128272
4.4 0.831752 0.0357261 0.132522
4.5 0.823174 0.0395676 0.137258
4.6 0.813756 0.0437203 0.142523
4.7 0.803456 0.0481853 0.148359
4.8 0.792234 0.0529574 0.154808
4.9 0.780063 0.0580239 0.161913
5 0.766925 0.0633632 0.169712
5.1 0.752812 0.0689441 0.178244
5.2 0.737736 0.0747246 0.187539
5.3 0.721722 0.0806518 0.197626
5.4 0.704817 0.0866617 0.208522
5.5 0.687083 0.0926799 0.220237
5.6 0.668605 0.098623 0.232772
5.7 0.649486 0.104401 0.246114
5.8 0.629845 0.109918 0.260238
5.9 0.609816 0.115079 0.275106
6 0.589543 0.119791 0.290666
6.1 0.569178 0.123967 0.306856
6.2 0.548871 0.127531 0.323597
6.3 0.528774 0.130421 0.340804
6.4 0.509028 0.13259 0.358382
6.5 0.489762 0.13401 0.376228
6.6 0.471093 0.134671 0.394237
6.7 0.453118 0.13458 0.412302
6.8 0.435917 0.133764 0.430319
6.9 0.419552 0.132263 0.448185
7 0.404066 0.130129 0.465805
7.1 0.389484 0.127424 0.483092
7.2 0.375816 0.124219 0.499965
7.3 0.363059 0.120585 0.516356
7.4 0.351199 0.116596 0.532205
7.5 0.340212 0.112324 0.547464
7.6 0.330068 0.107838 0.562094
7.7 0.320729 0.103203 0.576068
7.8 0.312158 0.0984783 0.589364
7.9 0.304311 0.0937166 0.601972
8 0.297147 0.0889646 0.613889
8.1 0.290622 0.0842623 0.625116
8.2 0.284694 0.0796436 0.635662
8.3 0.279323 0.0751364 0.645541
8.4 0.274468 0.0707632 0.654769
8.5 0.270092 0.0665415 0.663366
8.6 0.26616 0.0624843 0.671355
8.7 0.262639 0.0586008 0.678761
8.8 0.259496 0.0548967 0.685607
8.9 0.256703 0.051375 0.691921
9 0.254234 0.0480362 0.69773
9.1 0.252061 0.0448788 0.70306
9.2 0.250164 0.0418997 0.707937
9.3 0.248519 0.0390945 0.712387
9.4 0.247107 0.0364578 0.716435
9.5 0.24591 0.0339835 0.720106
9.6 0.244911 0.0316649 0.723424
9.7 0.244095 0.029495 0.72641
9.8 0.243447 0.0274666 0.729087
9.9 0.242954 0.0255723 0.731474
10 0.242604 0.0238049 0.733591
10.1 0.242386 0.0221572 0.735456
10.2 0.24229 0.020622 0.737088
10.3 0.242307 0.0191927 0.7385
10.4 0.242427 0.0178624 0.73971
10.5 0.242643 0.0166251 0.740732
10.6 0.242948 0.0154745 0.741578
10.7 0.243334 0.014405 0.742261
10.8 0.243796 0.013411 0.742793
10.9 0.244327 0.0124875 0.743185
11 0.244923 0.0116296 0.743447
11.1 0.245579 0.0108327 0.743588
11.2 0.24629 0.0100926 0.743618
11.3 0.247051 0.00940513 0.743543
11.4 0.24786 0.00876666 0.743373
11.5 0.248713 0.00817367 0.743114
11.6 0.249605 0.00762288 0.742772
11.7 0.250535 0.00711124 0.742353
11.8 0.2515 0.00663593 0.741864
11.9 0.252496 0.00619431 0.74131
12 0.253522 0.00578393 0.740694
12.1 0.254575 0.00540252 0.740023
12.2 0.255653 0.00504796 0.739299
12.3 0.256755 0.00471831 0.738527
12.4 0.257878 0.00441175 0.73771
12.5 0.259021 0.00412659 0.736853
12.6 0.260182 0.00386127 0.735957
12.7 0.26136 0.00361436 0.735025
12.8 0.262554 0.00338452 0.734061
12.9 0.263762 0.0031705 0.733067
13 0.264984 0.00297117 0.732045
13.1 0.266218 0.00278546 0.730997
13.2 0.267463 0.00261238 0.729925
13.3 0.268718 0.00245104 0.72883
13.4 0.269983 0.00230058 0.727716
13.5 0.271257 0.00216024 0.726583
13.6 0.272539 0.00202928 0.725432
13.7 0.273828 0.00190704 0.724265
13.8 0.275124 0.0017929 0.723084
13.9 0.276425 0.00168629 0.721888
14 0.277733 0.00158667 0.720681
14.1 0.279045 0.00149357 0.719461
14.2 0.280362 0.00140651 0.718232
14.3 0.281683 0.00132509 0.716992
14.4 0.283007 0.0012489 0.715744
14.5 0.284335 0.00117759 0.714487
14.6 0.285666 0.00111082 0.713223
14.7 0.287 0.00104828 0.711952
14.8 0.288335 0.000989684 0.710675
14.9 0.289673 0.000934757 0.709392
15 0.291013 0.000883254 0.708104
15.1 0.292353 0.000834943 0.706812
15.2 0.293696 0.000789611 0.705515
15.3 0.295039 0.000747058 0.704214
15.4 0.296382 0.000707099 0.70291
15.5 0.297727 0.000669562 0.701604
15.6 0.299071 0.000634288 0.700294
15.7 0.300416 0.000601129 0.698982
15.8 0.301761 0.000569945 0.697669
15.9 0.303106 0.000540609 0.696353
16 0.304451 0.000513001 0.695036
16.1 0.305795 0.00048701 0.693718
16.2 0.307139 0.000462532 0.692399
16.3 0.308482 0.000439471 0.691078
16.4 0.309824 0.000417737 0.689758
16.5 0.311166 0.000397246 0.688437
16.6 0.312506 0.00037792 0.687116
16.7 0.313846 0.000359686 0.685794
16.8 0.315184 0.000342476 0.684473
16.9 0.316522 0.000326228 0.683152
17 0.317858 0.000310881 0.681831
17.1 0.319192 0.00029638 0.680511
17.2 0.320526 0.000282675 0.679192
17.3 0.321857 0.000269717 0.677873
17.4 0.323188 0.00025746 0.676555
17.5 0.324516 0.000245863 0.675238
17.6 0.325843 0.000234886 0.673922
17.7 0.327169 0.000224493 0.672607
17.8 0.328492 0.00021465 0.671293
17.9 0.329814 0.000205322 0.669981
18 0.331134 0.000196482 0.668669
18.1 0.332452 0.0001881 0.667359
18.2 0.333769 0.00018015 0.666051
18.3 0.335083 0.000172608 0.664744
18.4 0.336396 0.000165449 0.663439
18.5 0.337706 0.000158652 0.662135
18.6 0.339015 0.000152197 0.660833
18.7 0.340321 0.000146064 0.659533
18.8 0.341626 0.000140235 0.658234
18.9 0.342928 0.000134694 0.656937
19 0.344228 0.000129425 0.655642
19.1 0.345526 0.000124412 0.654349
19.2 0.346823 0.000119642 0.653058
19.3 0.348116 0.000115101 0.651768
19.4 0.349408 0.000110777 0.650481
19.5 0.350698 0.000106659 0.649196
19.6 0.351985 0.000102735 0.647912
19.7 0.35327 9.89947e-05 0.646631
19.8 0.354553 9.5429e-05 0.645351
19.9 0.355834 9.20285e-05 0.644074
20 0.357113 8.87845e-05 0.642799
20.1 0.358389 8.56889e-05 0.641526
20.2 0.359663 8.27341e-05 0.640254
20.3 0.360935 7.99128e-05 0.638986
20.4 0.362204 7.72181e-05 0.637719
20.5 0.363471 7.46438e-05 0.636454
20.6 0.364736 7.21836e-05 0.635192
20.7 0.365999 6.98319e-05 0.633931
20.8 0.367259 6.75833e-05 0.632673
20.9 0.368517 6.54327e-05 0.631417
21 0.369773 6.33752e-05 0.630164
21.1 0.371026 6.14062e-05 0.628912
21.2 0.372277 5.95215e-05 0.627663
21.3 0.373526 5.7717e-05 0.626416
21.4 0.374773 5.59888e-05 0.625171
21.5 0.376017 5.43334e-05 0.623929
21.6 0.377259 5.27471e-05 0.622689
21.7 0.378498 5.12268e-05 0.621451
21.8 0.379735 4.97694e-05 0.620215
21.9 0.38097 4.83719e-05 0.618981
22 0.382203 4.70315e-05 0.61775
22.1 0.383433 4.57457e-05 0.616521
22.2 0.384661 4.4512e-05 0.615295
22.3 0.385886 4.33279e-05 0.61407
22.4 0.38711 4.21912e-05 0.612848
22.5 0.38833 4.10998e-05 0.611628
22.6 0.389549 4.00518e-05 0.610411
22.7 0.390765 3.9045e-05 0.609196
22.8 0.391979 3.80779e-05 0.607983
22.9 0.393191 3.71485e-05 0.606772
23 0.3944 3.62554e-05 0.605564
23.1 0.395607 3.53969e-05 0.604358
23.2 0.396811 3.45715e-05 0.603154
23.3 0.398014 3.37778e-05 0.601953
23.4 0.399214 3.30146e-05 0.600753
23.5 0.400411 3.22805e-05 0.599556
23.6 0.401607 3.15743e-05 0.598362
23.7 0.4028 3.08949e-05 0.59717
23.8 0.40399 3.02411e-05 0.59598
23.9 0.405179 2.9612e-05 0.594792
24 0.406365 2.90066e-05 0.593606
24.1 0.407548 2.84238e-05 0.592423
24.2 0.40873 2.78629e-05 0.591242
24.3 0.409909 2.73229e-05 0.590064
24.4 0.411086 2.6803e-05 0.588887
24.5 0.41226 2.63024e-05 0.587713
24.6 0.413432 2.58205e-05 0.586542
24.7 0.414602 2.53565e-05 0.585372
24.8 0.41577 2.49098e-05 0.584205
24.9 0.416935 2.44796e-05 0.58304
25 0.418098 2.40654e-05 0.581877
25.1 0.419259 2.36666e-05 0.580717
25.2 0.420418 2.32827e-05 0.579559
25.3 0.421574 2.29131e-05 0.578403
25.4 0.422728 2.25573e-05 0.57725
25.5 0.42388 2.22149e-05 0.576098
25.6 0.425029 2.18853e-05 0.574949
25.7 0.426176 2.15681e-05 0.573802
25.8 0.427321 2.1263e-05 0.572658
25.9 0.428464 2.09695e-05 0.571515
26 0.429604 2.06872e-05 0.570375
26.1 0.430742 2.04158e-05 0.569237
26.2 0.431878 2.0155e-05 0.568102
26.3 0.433012 1.99043e-05 0.566968
26.4 0.434143 1.96636e-05 0.565837
26.5 0.435272 1.94324e-05 0.564708
26.6 0.436399 1.92105e-05 0.563582
26.7 0.437524 1.89976e-05 0.562457
26.8 0.438646 1.87935e-05 0.561335
26.9 0.439767 1.8598e-05 0.560215
27 0.440885 1.84107e-05 0.559097
27.1 0.442 1.82315e-05 0.557981
27.2 0.443114 1.80601e-05 0.556868
27.3 0.444225 1.78964e-05 0.555757
27.4 0.445334 1.77401e-05 0.554648
27.5 0.446441 1.75911e-05 0.553541
27.6 0.447546 1.74492e-05 0.552436
27.7 0.448649 1.73142e-05 0.551334
27.8 0.449749 1.71859e-05 0.550234
27.9 0.450847 1.70644e-05 0.549136
28 0.451943 1.69492e-05 0.54804
28.1 0.453037 1.68405e-05 0.546946
28.2 0.454129 1.67379e-05 0.545854
28.3 0.455218 1.66415e-05 0.544765
28.4 0.456306 1.65511e-05 0.543678
28.5 0.457391 1.64665e-05 0.542593
28.6 0.458474 1.63878e-05 0.54151
28.7 0.459554 1.63147e-05 0.540429
28.8 0.460633 1.62473e-05 0.539351
28.9 0.46171 1.61854e-05 0.538274
29 0.462784 1.61289e-05 0.5372
29.1 0.463856 1.60779e-05 0.536128
29.2 0.464926 1.60322e-05 0.535058
29.3 0.465994 1.59917e-05 0.53399
29.4 0.46706 1.59565e-05 0.532924
29.5 0.468123 1.59265e-05 0.531861
29.6 0.469185 1.59016e-05 0.530799
29.7 0.470244 1.58818e-05 0.52974
29.8 0.471302 1.58671e-05 0.528682
29.9 0.472357 1.58574e-05 0.527627
30 0.47341 1.58528e-05 0.526574
30.1 0.474461 1.58531e-05 0.525523
30.2 0.47551 1.58585e-05 0.524475
30.3 0.476556 1.58689e-05 0.523428
30.4 0.477601 1.58842e-05 0.522383
30.5 0.478643 1.59045e-05 0.521341
30.6 0.479684 1.59299e-05 0.5203
30.7 0.480722 1.59602e-05 0.519262
30.8 0.481758 1.59956e-05 0.518226
30.9 0.482793 1.6036e-05 0.517191
31 0.483825 1.60815e-05 0.516159
31.1 0.484855 1.61321e-05 0.515129
31.2 0.485883 1.61879e-05 0.514101
31.3 0.486909 1.62488e-05 0.513075
31.4 0.487932 1.6315e-05 0.512051
31.5 0.488954 1.63865e-05 0.511029
31.6 0.489974 1.64633e-05 0.51001
31.7 0.490991 1.65455e-05 0.508992
31.8 0.492007 1.66331e-05 0.507976
31.9 0.493021 1.67263e-05 0.506963
32 0.494032 1.68251e-05 0.505951
32.1 0.495041 1.69296e-05 0.504942
32.2 0.496049 1.70398e-05 0.503934
32.3 0.497054 1.71559e-05 0.502929
32.4 0.498058 1.7278e-05 0.501925
32.5 0.499059 1.74062e-05 0.500924
32.6 0.500058 1.75405e-05 0.499924
32.7 0.501055 1.76811e-05 0.498927
32.8 0.502051 1.78282e-05 0.497932
32.9 0.503044 1.79818e-05 0.496938
33 0.504035 1.8142e-05 0.495947
33.1 0.505024 1.83091e-05 0.494957
33.2 0.506011 1.84832e-05 0.49397
33.3 0.506997 1.86644e-05 0.492985
33.4 0.50798 1.88529e-05 0.492001
33.5 0.508961 1.90489e-05 0.49102
33.6 0.50994 1.92525e-05 0.490041
33.7 0.510917 1.94639e-05 0.489063
33.8 0.511892 1.96833e-05 0.488088
33.9 0.512866 1.9911e-05 0.487114
34 0.513837 2.01472e-05 0.486143
34.1 0.514806 2.0392e-05 0.485174
34.2 0.515773 2.06457e-05 0.484206
34.3 0.516739 2.09086e-05 0.483241
34.4 0.517702 2.11808e-05 0.482277
34.5 0.518663 2.14628e-05 0.481315
34.6 0.519622 2.17546e-05 0.480356
34.7 0.52058 2.20567e-05 0.479398
34.8 0.521535 2.23694e-05 0.478442
34.9 0.522489 2.26928e-05 0.477489
35 0.52344 2.30275e-05 0.476537
35.1 0.52439 2.33736e-05 0.475587
35.2 0.525337 2.37316e-05 0.474639
35.3 0.526283 2.41019e-05 0.473693
35.4 0.527226 2.44847e-05 0.472749
35.5 0.528168 2.48806e-05 0.471807
35.6 0.529108 2.52899e-05 0.470867
35.7 0.530046 2.57131e-05 0.469929
35.8 0.530981 2.61505e-05 0.468992
35.9 0.531915 2.66028e-05 0.468058
36 0.532847 2.70703e-05 0.467126
36.1 0.533777 2.75536e-05 0.466195
36.2 0.534705 2.80533e-05 0.465267
36.3 0.535631 2.85698e-05 0.46434
36.4 0.536555 2.91037e-05 0.463415
36.5 0.537478 2.96557e-05 0.462493
36.6 0.538398 3.02264e-05 0.461572
36.7 0.539316 3.08164e-05 0.460653
36.8 0.540233 3.14264e-05 0.459736
36.9 0.541147 3.20571e-05 0.458821
37 0.54206 3.27093e-05 0.457908
37.1 0.54297 3.33837e-05 0.456997
37.2 0.543879 3.40811e-05 0.456087
37.3 0.544785 3.48024e-05 0.45518
37.4 0.54569 3.55484e-05 0.454274
37.5 0.546593 3.63201e-05 0.453371
37.6 0.547494 3.71183e-05 0.452469
37.7 0.548393 3.79441e-05 0.451569
37.8 0.54929 3.87985e-05 0.450671
37.9 0.550185 3.96826e-05 0.449776
38 0.551078 4.05975e-05 0.448882
38.1 0.551969 4.15444e-05 0.44799
38.2 0.552858 4.25245e-05 0.447099
38.3 0.553745 4.3539e-05 0.446211
38.4 0.554631 4.45893e-05 0.445325
38.5 0.555514 4.56768e-05 0.44444
38.6 0.556395 4.68029e-05 0.443558
38.7 0.557275 4.79692e-05 0.442677
38.8 0.558152 4.91772e-05 0.441799
38.9 0.559028 5.04285e-05 0.440922
39 0.559901 5.17249e-05 0.440047
39.1 0.560773 5.30683e-05 0.439174
39.2 0.561642 5.44603e-05 0.438303
39.3 0.56251 5.59031e-05 0.437434
39.4 0.563375 5.73987e-05 0.436567
39.5 0.564239 5.89492e-05 0.435702
39.6 0.5651 6.05568e-05 0.434839
39.7 0.56596 6.2224e-05 0.433978
39.8 0.566817 6.3953e-05 0.433119
39.9 0.567673 6.57466e-05 0.432261
40 0.568526 6.76074e-05 0.431406
40.1 0.569378 6.95381e-05 0.430553
40.2 0.570227 7.15417e-05 0.429701
40.3 0.571074 7.36213e-05 0.428852
40.4 0.57192 7.578e-05 0.428005
40.5 0.572763 7.80213e-05 0.427159
40.6 0.573604 8.03486e-05 0.426316
40.7 0.574443 8.27656e-05 0.425474
40.8 0.57528 8.52761e-05 0.424635
40.9 0.576114 8.78842e-05 0.423798
41 0.576947 9.0594e-05 0.422962
41.1 0.577777 9.341e-05 0.422129
41.2 0.578606 9.63369e-05 0.421298
41.3 0.579432 9.93794e-05 0.420469
41.4 0.580256 0.000102543 0.419642
41.5 0.581077 0.000105832 0.418817
41.6 0.581897 0.000109253 0.417994
41.7 0.582714 0.000112811 0.417173
41.8 0.583529 0.000116513 0.416355
41.9 0.584341 0.000120364 0.415538
42 0.585151 0.000124373 0.414724
42.1 0.585959 0.000128545 0.413912
42.2 0.586765 0.000132888 0.413102
42.3 0.587568 0.00013741 0.412295
42.4 0.588368 0.000142119 0.411489
42.5 0.589167 0.000147024 0.410686
42.6 0.589962 0.000152133 0.409886
42.7 0.590755 0.000157456 0.409087
42.8 0.591546 0.000163003 0.408291
42.9 0.592334 0.000168783 0.407497
43 0.593119 0.000174809 0.406706
43.1 0.593902 0.000181091 0.405917
43.2 0.594682 0.000187641 0.40513
43.3 0.595459 0.000194472 0.404346
43.4 0.596233 0.000201597 0.403565
43.5 0.597005 0.00020903 0.402786
43.6 0.597773 0.000216785 0.40201
43.7 0.598539 0.000224878 0.401236
43.8 0.599302 0.000233325 0.400465
43.9 0.600061 0.000242143 0.399697
44 0.600817 0.000251348 0.398931
44.1 0.60157 0.000260961 0.398169
44.2 0.60232 0.000271001 0.397409
44.3 0.603067 0.000281487 0.396652
44.4 0.603809 0.000292443 0.395898
44.5 0.604549 0.00030389 0.395147
44.6 0.605285 0.000315852 0.394399
44.7 0.606017 0.000328356 0.393655
44.8 0.606745 0.000341426 0.392914
44.9 0.607469 0.000355091 0.392176
45 0.60819 0.00036938 0.391441
45.1 0.608906 0.000384324 0.39071
45.2 0.609618 0.000399955 0.389982
45.3 0.610326 0.000416307 0.389258
45.4 0.611029 0.000433417 0.388538
45.5 0.611727 0.000451321 0.387822
45.6 0.612421 0.000470059 0.387109
45.7 0.61311 0.000489672 0.386401
45.8 0.613793 0.000510206 0.385696
45.9 0.614472 0.000531705 0.384996
46 0.615145 0.000554218 0.384301
46.1 0.615812 0.000577796 0.38361
46.2 0.616474 0.000602493 0.382924
46.3 0.61713 0.000628366 0.382242
46.4 0.617779 0.000655473 0.381566
46.5 0.618422 0.000683877 0.380894
46.6 0.619058 0.000713644 0.380228
46.7 0.619688 0.000744842 0.379568
46.8 0.62031 0.000777546 0.378913
46.9 0.620924 0.00081183 0.378264
47 0.621531 0.000847776 0.377621
47.1 0.62213 0.000885467 0.376984
47.2 0.622721 0.000924994 0.376354
47.3 0.623302 0.000966448 0.375731
47.4 0.623875 0.00100993 0.375115
47.5 0.624438 0.00105554 0.374506
47.6 0.624992 0.00110339 0.373905
47.7 0.625535 0.00115359 0.373312
47.8 0.626067 0.00120626 0.372726
47.9 0.626589 0.00126154 0.37215
48 0.627098 0.00131954 0.371582
48.1 0.627596 0.00138041 0.371024
48.2 0.628081 0.00144429 0.370475
48.3 0.628552 0.00151134 0.369936
48.4 0.62901 0.00158172 0.369408
48.5 0.629454 0.00165559 0.368891
48.6 0.629882 0.00173313 0.368385
48.7 0.630295 0.00181453 0.36789
48.8 0.630691 0.00189997 0.367409
48.9 0.631071 0.00198966 0.36694
49 0.631432 0.00208381 0.366484
49.1 0.631774 0.00218265 0.366043
49.2 0.632097 0.0022864 0.365617
49.3 0.632399 0.00239529 0.365206
49.4 0.63268 0.0025096 0.364811
49.5 0.632938 0.00262957 0.364432
49.6 0.633173 0.00275547 0.364072
49.7 0.633383 0.0028876 0.363729
49.8 0.633568 0.00302625 0.363406
49.9 0.633725 0.00317172 0.363103
50 0.633855 0.00332434 0.362821
50.1 0.633955 0.00348443 0.36256
50.2 0.634025 0.00365233 0.362323
50.3 0.634062 0.0038284 0.36211
50.4 0.634065 0.004013 0.361922
50.5 0.634034 0.00420651 0.36176
50.6 0.633966 0.0044093 0.361625
50.7 0.633859 0.00462179 0.361519
50.8 0.633713 0.00484436 0.361443
50.9 0.633524 0.00507744 0.361398
51 0.633292 0.00532145 0.361386
51.1 0.633015 0.00557681 0.361409
51.2 0.632689 0.00584397 0.361467
51.3 0.632315 0.00612335 0.361562
51.4 0.631889 0.0064154 0.361696
51.5 0.631409 0.00672056 0.361871
51.6 0.630873 0.00703926 0.362088
51.7 0.630279 0.00737195 0.362349
51.8 0.629624 0.00771905 0.362656
51.9 0.628907 0.00808098 0.363012
52 0.628125 0.00845813 0.363417
52.1 0.627275 0.00885091 0.363874
52.2 0.626354 0.00925966 0.364386
52.3 0.625362 0.00968474 0.364953
52.4 0.624294 0.0101264 0.365579
52.5 0.623149 0.0105851 0.366266
52.6 0.621924 0.0110608 0.367015
52.7 0.620616 0.0115539 0.36783
52.8 0.619224 0.0120644 0.368712
52.9 0.617744 0.0125924 0.369663
53 0.616175 0.0131379 0.370687
53.1 0.614514 0.0137009 0.371785
53.2 0.612759 0.0142812 0.372959
53.3 0.610909 0.0148786 0.374213
53.4 0.60896 0.0154926 0.375547
53.5 0.606912 0.016123 0.376965
53.6 0.604762 0.0167691 0.378469
53.7 0.60251 0.0174303 0.380059
53.8 0.600155 0.0181058 0.381739
53.9 0.597695 0.0187946 0.383511
54 0.595129 0.0194958 0.385375
54.1 0.592458 0.0202082 0.387334
54.2 0.589681 0.0209304 0.389388
54.3 0.586799 0.0216609 0.39154
54.4 0.583813 0.0223983 0.393789
54.5 0.580722 0.0231406 0.396137
54.6 0.577529 0.0238862 0.398585
54.7 0.574236 0.0246328 0.401132
54.8 0.570844 0.0253785 0.403778
54.9 0.567356 0.0261209 0.406523
55 0.563775 0.0268576 0.409367
55.1 0.560105 0.0275864 0.412309
55.2 0.55635 0.0283045 0.415346
55.3 0.552513 0.0290094 0.418478
55.4 0.548599 0.0296985 0.421702
55.5 0.544614 0.0303691 0.425017
55.6 0.540563 0.0310185 0.428418
55.7 0.536452 0.0316441 0.431904
55.8 0.532286 0.0322433 0.43547
55.9 0.528073 0.0328135 0.439114
56 0.523818 0.0333524 0.442829
56.1 0.51953 0.0338575 0.446613
56.2 0.515214 0.0343268 0.45046
56.3 0.510877 0.0347581 0.454365
56.4 0.506529 0.0351495 0.458322
56.5 0.502174 0.0354996 0.462326
56.6 0.497822 0.0358067 0.466372
56.7 0.493478 0.0360698 0.470452
56.8 0.489152 0.0362878 0.474561
56.9 0.484848 0.03646 0.478692
57 0.480575 0.0365859 0.482839
57.1 0.476339 0.0366654 0.486995
57.2 0.472147 0.0366985 0.491154
57.3 0.468005 0.0366854 0.49531
57.4 0.463918 0.0366268 0.499455
57.5 0.459893 0.0365233 0.503584
57.6 0.455934 0.0363761 0.50769
57.7 0.452046 0.0361862 0.511767
57.8 0.448235 0.0359551 0.51581
57.9 0.444504 0.0356844 0.519812
58 0.440856 0.0353757 0.523768
58.1 0.437296 0.0350311 0.527673
58.2 0.433825 0.0346523 0.531522
58.3 0.430448 0.0342416 0.53531
58.4 0.427165 0.0338011 0.539034
58.5 0.423979 0.0333329 0.542688
58.6 0.420892 0.0328394 0.546269
58.7 0.417903 0.0323227 0.549774
58.8 0.415015 0.0317853 0.5532
58.9 0.412228 0.0312292 0.556543
59 0.409541 0.0306567 0.559802
59.1 0.406956 0.03007 0.562974
59.2 0.40447 0.0294712 0.566058
59.3 0.402085 0.0288623 0.569052
59.4 0.3998 0.0282454 0.571955
59.5 0.397612 0.0276223 0.574765
59.6 0.395522 0.0269949 0.577483
59.7 0.393528 0.0263647 0.580107
59.8 0.391628 0.0257335 0.582638
59.9 0.389822 0.0251027 0.585075
60 0.388107 0.0244738 0.58742
60.1 0.386481 0.0238481 0.589671
60.2 0.384943 0.0232267 0.591831
60.3 0.383491 0.0226108 0.593899
60.4 0.382122 0.0220014 0.595876
60.5 0.380836 0.0213993 0.597765
60.6 0.379629 0.0208055 0.599565
60.7 0.378501 0.0202206 0.601279
60.8 0.377448 0.0196454 0.602907
60.9 0.376468 0.0190803 0.604452
61 0.37556 0.0185258 0.605914
61.1 0.374722 0.0179824 0.607296
61.2 0.373951 0.0174504 0.608599
61.3 0.373245 0.0169301 0.609825
61.4 0.372603 0.0164218 0.610975
61.5 0.372022 0.0159255 0.612052
61.6 0.371501 0.0154415 0.613058
61.7 0.371037 0.0149698 0.613993
61.8 0.370628 0.0145104 0.614861
61.9 0.370274 0.0140633 0.615663
62 0.369971 0.0136285 0.6164
62.1 0.369718 0.0132059 0.617076
62.2 0.369514 0.0127954 0.61769
62.3 0.369357 0.0123969 0.618246
62.4 0.369244 0.0120102 0.618745
62.5 0.369176 0.0116351 0.619189
62.6 0.369149 0.0112716 0.61958
62.7 0.369162 0.0109193 0.619919
62.8 0.369214 0.010578 0.620208
62.9 0.369304 0.0102476 0.620448
63 0.36943 0.00992779 0.620642
63.1 0.369591 0.00961833 0.62079
63.2 0.369786 0.00931898 0.620895
63.3 0.370012 0.0090295 0.620958
63.4 0.37027 0.00874962 0.62098
63.5 0.370557 0.00847909 0.620963
63.6 0.370874 0.00821765 0.620909
63.7 0.371218 0.00796506 0.620817
63.8 0.371588 0.00772105 0.620691
63.9 0.371984 0.00748538 0.62053
64 0.372405 0.00725779 0.620337
64.1 0.372849 0.00703803 0.620113
64.2 0.373316 0.00682587 0.619858
64.3 0.373805 0.00662106 0.619574
64.4 0.374315 0.00642336 0.619261
64.5 0.374845 0.00623256 0.618922
64.6 0.375395 0.00604841 0.618557
64.7 0.375963 0.00587069 0.618167
64.8 0.376549 0.0056992 0.617752
64.9 0.377152 0.00553373 0.617314
65 0.377771 0.00537405 0.616855
65.1 0.378407 0.00521999 0.616373
65.2 0.379057 0.00507133 0.615871
65.3 0.379723 0.0049279 0.61535
65.4 0.380402 0.00478951 0.614809
65.5 0.381094 0.00465598 0.61425
65.6 0.3818 0.00452714 0.613673
65.7 0.382518 0.00440283 0.613079
65.8 0.383247 0.00428287 0.61247
65.9 0.383989 0.00416712 0.611844
66 0.384741 0.00405543 0.611204
66.1 0.385503 0.00394765 0.610549
66.2 0.386275 0.00384363 0.609881
66.3 0.387057 0.00374324 0.609199
66.4 0.387849 0.00364636 0.608505
66.5 0.388649 0.00355285 0.607798
66.6 0.389457 0.00346258 0.60708
66.7 0.390274 0.00337546 0.606351
66.8 0.391098 0.00329135 0.605611
66.9 0.39193 0.00321015 0.60486
67 0.392768 0.00313175 0.6041
67.1 0.393614 0.00305606 0.60333
67.2 0.394466 0.00298297 0.602551
67.3 0.395324 0.00291239 0.601764
67.4 0.396188 0.00284423 0.600968
67.5 0.397057 0.00277841 0.600164
67.6 0.397932 0.00271483 0.599353
67.7 0.398812 0.00265342 0.598534
67.8 0.399697 0.0025941 0.597709
67.9 0.400587 0.00253679 0.596877
68 0.401481 0.00248143 0.596038
68.1 0.402379 0.00242794 0.595193
68.2 0.403281 0.00237626 0.594343
68.3 0.404187 0.00232632 0.593487
68.4 0.405096 0.00227806 0.592626
68.5 0.406009 0.00223143 0.591759
68.6 0.406926 0.00218636 0.590888
68.7 0.407845 0.0021428 0.590012
68.8 0.408767 0.0021007 0.589132
68.9 0.409692 0.00206001 0.588248
69 0.410619 0.00202068 0.58736
69.1 0.411549 0.00198266 0.586468
69.2 0.412481 0.00194592 0.585573
69.3 0.413415 0.00191039 0.584674
69.4 0.414352 0.00187605 0.583772
69.5 0.41529 0.00184286 0.582867
69.6 0.41623 0.00181077 0.58196
69.7 0.417171 0.00177975 0.581049
69.8 0.418114 0.00174976 0.580136
69.9 0.419058 0.00172077 0.579221
70 0.420004 0.00169275 0.578303
70.1 0.42095 0.00166567 0.577384
70.2 0.421898 0.0016395 0.576462
70.3 0.422847 0.0016142 0.575539
70.4 0.423796 0.00158975 0.574614
70.5 0.424747 0.00156612 0.573687
70.6 0.425698 0.0015433 0.572759
70.7 0.426649 0.00152124 0.57183
70.8 0.427601 0.00149994 0.570899
70.9 0.428554 0.00147936 0.569967
71 0.429506 0.00145948 0.569034
71.1 0.430459 0.00144029 0.568101
71.2 0.431412 0.00142177 0.567166
71.3 0.432365 0.00140389 0.566231
71.4 0.433319 0.00138663 0.565295
71.5 0.434272 0.00136999 0.564358
71.6 0.435225 0.00135393 0.563421
71.7 0.436177 0.00133846 0.562484
71.8 0.43713 0.00132354 0.561547
71.9 0.438082 0.00130916 0.560609
72 0.439034 0.00129532 0.559671
72.1 0.439985 0.00128199 0.558733
72.2 0.440936 0.00126916 0.557795
72.3 0.441886 0.00125683 0.556857
72.4 0.442836 0.00124497 0.555919
72.5 0.443785 0.00123358 0.554982
72.6 0.444733 0.00122264 0.554044
72.7 0.44568 0.00121215 0.553107
72.8 0.446627 0.0012021 0.552171
72.9 0.447573 0.00119247 0.551235
73 0.448517 0.00118325 0.550299
73.1 0.449461 0.00117444 0.549364
73.2 0.450404 0.00116603 0.54843
73.3 0.451346 0.00115801 0.547496
73.4 0.452286 0.00115037 0.546564
73.5 0.453225 0.00114311 0.545632
73.6 0.454164 0.00113621 0.5447
73.7 0.4551 0.00112968 0.54377
73.8 0.456036 0.0011235 0.542841
73.9 0.45697 0.00111767 0.541912
74 0.457903 0.00111218 0.540985
74.1 0.458834 0.00110703 0.540059
74.2 0.459764 0.00110222 0.539133
74.3 0.460693 0.00109773 0.538209
74.4 0.46162 0.00109357 0.537287
74.5 0.462545 0.00108973 0.536365
74.6 0.463469 0.0010862 0.535445
74.7 0.464391 0.00108298 0.534526
74.8 0.465311 0.00108008 0.533609
74.9 0.46623 0.00107748 0.532693
75 0.467147 0.00107518 0.531778
75.1 0.468062 0.00107319 0.530865
75.2 0.468975 0.00107149 0.529954
75.3 0.469886 0.00107009 0.529044
75.4 0.470795 0.00106898 0.528136
75.5 0.471703 0.00106817 0.527229
75.6 0.472608 0.00106765 0.526324
75.7 0.473512 0.00106741 0.525421
75.8 0.474413 0.00106747 0.524519
75.9 0.475312 0.00106782 0.52362
76 0.476209 0.00106845 0.522722
76.1 0.477104 0.00106937 0.521826
76.2 0.477997 0.00107058 0.520932
76.3 0.478888 0.00107208 0.52004
76.4 0.479776 0.00107387 0.51915
76.5 0.480662 0.00107594 0.518262
76.6 0.481545 0.00107831 0.517377
76.7 0.482426 0.00108096 0.516493
76.8 0.483305 0.00108391 0.515611
76.9 0.484181 0.00108716 0.514732
77 0.485055 0.00109069 0.513854
77.1 0.485926 0.00109453 0.512979
77.2 0.486795 0.00109866 0.512107
77.3 0.487661 0.0011031 0.511236
77.4 0.488524 0.00110784 0.510368
77.5 0.489385 0.00111289 0.509503
77.6 0.490242 0.00111825 0.508639
77.7 0.491097 0.00112392 0.507779
77.8 0.49195 0.00112991 0.50692
77.9 0.492799 0.00113622 0.506065
78 0.493645 0.00114286 0.505212
78.1 0.494489 0.00114982 0.504361
78.2 0.495329 0.00115712 0.503514
78.3 0.496167 0.00116476 0.502668
78.4 0.497001 0.00117273 0.501826
78.5 0.497832 0.00118106 0.500987
78.6 0.49866 0.00118974 0.50015
78.7 0.499485 0.00119878 0.499316
78.8 0.500306 0.00120819 0.498486
78.9 0.501124 0.00121796 0.497658
79 0.501939 0.00122812 0.496833
79.1 0.50275 0.00123866 0.496011
79.2 0.503558 0.00124959 0.495193
79.3 0.504362 0.00126092 0.494377
79.4 0.505162 0.00127265 0.493565
79.5 0.505959 0.00128481 0.492756
79.6 0.506752 0.00129738 0.49195
79.7 0.507542 0.00131039 0.491148
79.8 0.508327 0.00132384 0.490349
79.9 0.509108 0.00133774 0.489554
80 0.509886 0.00135209 0.488762
80.1 0.510659 0.00136692 0.487974
80.2 0.511429 0.00138223 0.487189
80.3 0.512194 0.00139802 0.486408
80.4 0.512954 0.00141432 0.485631
80.5 0.513711 0.00143113 0.484858
80.6 0.514463 0.00144847 0.484089
80.7 0.51521 0.00146634 0.483323
80.8 0.515953 0.00148476 0.482562
80.9 0.516692 0.00150375 0.481805
81 0.517425 0.00152331 0.481052
81.1 0.518154 0.00154346 0.480303
81.2 0.518878 0.00156421 0.479558
81.3 0.519596 0.00158558 0.478818
81.4 0.52031 0.00160759 0.478082
81.5 0.521018 0.00163024 0.477351
81.6 0.521722 0.00165356 0.476625
81.7 0.522419 0.00167757 0.475903
81.8 0.523112 0.00170227 0.475186
81.9 0.523798 0.00172769 0.474474
82 0.524479 0.00175385 0.473767
82.1 0.525154 0.00178076 0.473065
82.2 0.525823 0.00180844 0.472368
82.3 0.526486 0.00183692 0.471677
82.4 0.527143 0.00186621 0.47099
82.5 0.527794 0.00189634 0.47031
82.6 0.528438 0.00192732 0.469635
82.7 0.529076 0.00195918 0.468965
82.8 0.529706 0.00199195 0.468302
82.9 0.530331 0.00202563 0.467644
83 0.530948 0.00206027 0.466992
83.1 0.531558 0.00209588 0.466347
83.2 0.53216 0.00213249 0.465707
83.3 0.532755 0.00217012 0.465074
83.4 0.533343 0.00220881 0.464448
83.5 0.533923 0.00224858 0.463828
83.6 0.534495 0.00228945 0.463216
83.7 0.535059 0.00233146 0.46261
83.8 0.535615 0.00237463 0.462011
83.9 0.536162 0.002419 0.461419
84 0.5367 0.00246459 0.460835
84.1 0.53723 0.00251144 0.460258
84.2 0.537751 0.00255959 0.45969
84.3 0.538262 0.00260905 0.459129
84.4 0.538765 0.00265987 0.458576
84.5 0.539257 0.00271208 0.458031
84.6 0.53974 0.00276572 0.457494
84.7 0.540213 0.00282082 0.456967
84.8 0.540675 0.00287741 0.456448
84.9 0.541127 0.00293555 0.455938
85 0.541568 0.00299525 0.455437
85.1 0.541998 0.00305656 0.454945
85.2 0.542417 0.00311953 0.454463
85.3 0.542825 0.00318418 0.453991
85.4 0.543221 0.00325056 0.453529
85.5 0.543605 0.00331871 0.453077
85.6 0.543976 0.00338868 0.452635
85.7 0.544335 0.00346049 0.452204
85.8 0.544681 0.0035342 0.451784
85.9 0.545014 0.00360985 0.451376
86 0.545334 0.00368748 0.450978
86.1 0.54564 0.00376713 0.450593
86.2 0.545932 0.00384884 0.450219
86.3 0.54621 0.00393267 0.449857
86.4 0.546473 0.00401865 0.449508
86.5 0.546722 0.00410683 0.449172
86.6 0.546954 0.00419725 0.448848
86.7 0.547172 0.00428995 0.448538
86.8 0.547373 0.00438498 0.448242
86.9 0.547559 0.00448238 0.447959
87 0.547727 0.00458219 0.447691
87.1 0.547879 0.00468445 0.447437
87.2 0.548013 0.00478922 0.447198
87.3 0.54813 0.00489651 0.446974
87.4 0.548228 0.00500639 0.446765
87.5 0.548308 0.00511887 0.446573
87.6 0.54837 0.00523401 0.446396
87.7 0.548412 0.00535183 0.446236
87.8 0.548435 0.00547237 0.446093
87.9 0.548437 0.00559567 0.445967
88 0.54842 0.00572174 0.445858
88.1 0.548382 0.00585063 0.445768
88.2 0.548322 0.00598235 0.445695
88.3 0.548242 0.00611694 0.445641
88.4 0.548139 0.0062544 0.445607
88.5 0.548014 0.00639476 0.445591
88.6 0.547867 0.00653803 0.445595
88.7 0.547697 0.00668422 0.445619
88.8 0.547503 0.00683334 0.445664
88.9 0.547286 0.00698539 0.445729
89 0.547044 0.00714036 0.445816
89.1 0.546778 0.00729826 0.445924
89.2 0.546487 0.00745906 0.446054
89.3 0.546172 0.00762276 0.446206
89.4 0.54583 0.00778933 0.44638
89.5 0.545463 0.00795874 0.446578
89.6 0.54507 0.00813096 0.446799
89.7 0.54465 0.00830595 0.447044
89.8 0.544204 0.00848365 0.447313
89.9 0.54373 0.00866402 0.447606
90 0.543229 0.008847 0.447924
90.1 0.542701 0.00903251 0.448266
90.2 0.542145 0.00922048 0.448634
90.3 0.541561 0.00941082 0.449028
90.4 0.540949 0.00960345 0.449447
90.5 0.540309 0.00979825 0.449893
90.6 0.53964 0.00999513 0.450365
90.7 0.538943 0.0101939 0.450864
90.8 0.538216 0.0103946 0.451389
90.9 0.537462 0.0105969 0.451941
91 0.536678 0.0108008 0.452521
91.1 0.535866 0.011006 0.453128
91.2 0.535025 0.0112125 0.453763
91.3 0.534155 0.01142 0.454425
91.4 0.533257 0.0116284 0.455115
91.5 0.53233 0.0118374 0.455833
91.6 0.531375 0.012047 0.456578
91.7 0.530392 0.0122567 0.457352
91.8 0.529381 0.0124665 0.458153
91.9 0.528342 0.0126761 0.458982
92 0.527276 0.0128853 0.459839
92.1 0.526183 0.0130939 0.460723
92.2 0.525064 0.0133015 0.461635
92.3 0.523919 0.0135079 0.462574
92.4 0.522748 0.0137129 0.463539
92.5 0.521552 0.0139162 0.464532
92.6 0.520331 0.0141175 0.465551
92.7 0.519087 0.0143165 0.466597
92.8 0.517819 0.014513 0.467668
92.9 0.516529 0.0147067 0.468764
93 0.515217 0.0148973 0.469886
93.1 0.513884 0.0150845 0.471032
93.2 0.512531 0.015268 0.472201
93.3 0.511158 0.0154475 0.473394
93.4 0.509767 0.0156228 0.47461
93.5 0.508358 0.0157936 0.475848
93.6 0.506933 0.0159595 0.477108
93.7 0.505492 0.0161204 0.478388
93.8 0.504036 0.0162759 0.479688
93.9 0.502567 0.0164258 0.481007
94 0.501085 0.0165699 0.482345
94.1 0.499592 0.0167078 0.4837
94.2 0.498089 0.0168394 0.485072
94.3 0.496577 0.0169645 0.486459
94.4 0.495056 0.0170828 0.487861
94.5 0.493529 0.0171941 0.489277
94.6 0.491996 0.0172983 0.490706
94.7 0.490459 0.0173952 0.492146
94.8 0.488919 0.0174845 0.493597
94.9 0.487376 0.0175663 0.495058
95 0.485833 0.0176403 0.496527
95.1 0.48429 0.0177064 0.498003
95.2 0.482749 0.0177646 0.499486
95.3 0.481211 0.0178148 0.500974
95.4 0.479677 0.0178569 0.502466
95.5 0.478148 0.0178909 0.503961
95.6 0.476625 0.0179167 0.505458
95.7 0.47511 0.0179344 0.506956
95.8 0.473603 0.017944 0.508453
95.9 0.472107 0.0179454 0.509948
96 0.470621 0.0179388 0.51144
96.1 0.469147 0.0179242 0.512929
96.2 0.467686 0.0179017 0.514412
96.3 0.466239 0.0178714 0.51589
96.4 0.464807 0.0178334 0.51736
96.5 0.46339 0.0177877 0.518822
96.6 0.461991 0.0177347 0.520275
96.7 0.460609 0.0176743 0.521717
96.8 0.459245 0.0176069 0.523148
96.9 0.457901 0.0175324 0.524567
97 0.456577 0.0174513 0.525972
97.1 0.455273 0.0173636 0.527363
97.2 0.453991 0.0172695 0.528739
97.3 0.452731 0.0171693 0.5301
97.4 0.451494 0.0170632 0.531443
97.5 0.45028 0.0169514 0.532769
97.6 0.449089 0.0168341 0.534077
97.7 0.447923 0.0167117 0.535365
97.8 0.446781 0.0165843 0.536634
97.9 0.445665 0.0164522 0.537883
98 0.444574 0.0163156 0.53911
98.1 0.443509 0.0161749 0.540316
98.2 0.44247 0.0160301 0.5415
98.3 0.441457 0.0158817 0.542661
98.4 0.440471 0.0157298 0.543799
98.5 0.439511 0.0155748 0.544914
98.6 0.438579 0.0154167 0.546005
98.7 0.437673 0.015256 0.547071
98.8 0.436795 0.0150928 0.548113
98.9 0.435943 0.0149273 0.549129
99 0.435119 0.0147599 0.550121
99.1 0.434322 0.0145907 0.551087
99.2 0.433552 0.0144199 0.552028
99.3 0.43281 0.0142478 0.552942
99.4 0.432094 0.0140746 0.553831
99.5 0.431405 0.0139005 0.554694
99.6 0.430744 0.0137256 0.555531
99.7 0.430108 0.0135503 0.556341
99.8 0.4295 0.0133746 0.557126
99.9 0.428918 0.0131987 0.557884
100 0.428361 0.0130228 0.558616
100.1 0.427831 0.0128471 0.559322
100.2 0.427327 0.0126717 0.560002
100.3 0.426847 0.0124968 0.560656
100.4 0.426393 0.0123226 0.561284
100.5 0.425964 0.012149 0.561887
100.6 0.42556 0.0119764 0.562464
100.7 0.42518 0.0118047 0.563015
100.8 0.424824 0.0116342 0.563542
100.9 0.424491 0.0114649 0.564044
101 0.424182 0.0112969 0.564521
101.1 0.423896 0.0111303 0.564973
101.2 0.423633 0.0109653 0.565402
101.3 0.423392 0.0108018 0.565806
101.4 0.423173 0.0106399 0.566187
101.5 0.422976 0.0104798 0.566544
101.6 0.422801 0.0103215 0.566878
101.7 0.422646 0.010165 0.567189
101.8 0.422512 0.0100105 0.567478
101.9 0.422398 0.00985784 0.567744
102 0.422304 0.0097072 0.567989
102.1 0.422229 0.0095586 0.568212
102.2 0.422174 0.00941205 0.568414
102.3 0.422138 0.0092676 0.568595
102.4 0.42212 0.00912526 0.568755
102.5 0.42212 0.00898506 0.568895
102.6 0.422138 0.00884701 0.569015
102.7 0.422173 0.00871113 0.569116
102.8 0.422226 0.00857743 0.569197
102.9 0.422295 0.00844592 0.569259
103 0.42238 0.0083166 0.569303
103.1 0.422481 0.00818947 0.569329
103.2 0.422599 0.00806454 0.569337
103.3 0.422731 0.00794179 0.569327
103.4 0.422878 0.00782123 0.5693
103.5 0.42304 0.00770285 0.569257
103.6 0.423217 0.00758663 0.569197
103.7 0.423407 0.00747256 0.56912
103.8 0.423611 0.00736064 0.569028
103.9 0.423828 0.00725084 0.568921
104 0.424059 0.00714315 0.568798
104.1 0.424302 0.00703756 0.568661
104.2 0.424557 0.00693404 0.568508
104.3 0.424825 0.00683258 0.568342
104.4 0.425105 0.00673315 0.568162
104.5 0.425396 0.00663573 0.567968
104.6 0.425698 0.0065403 0.567761
104.7 0.426012 0.00644683 0.567542
104.8 0.426336 0.00635531 0.567309
104.9 0.42667 0.00626571 0.567064
105 0.427015 0.00617799 0.566807
105.1 0.427369 0.00609215 0.566539
105.2 0.427733 0.00600814 0.566258
105.3 0.428107 0.00592595 0.565967
105.4 0.42849 0.00584555 0.565665
105.5 0.428881 0.00576691 0.565352
105.6 0.429282 0.00569 0.565028
105.7 0.42969 0.0056148 0.564695
105.8 0.430107 0.00554129 0.564352
105.9 0.430532 0.00546943 0.563999
106 0.430964 0.0053992 0.563636
106.1 0.431404 0.00533057 0.563265
106.2 0.431852 0.00526352 0.562885
106.3 0.432306 0.00519802 0.562496
106.4 0.432767 0.00513404 0.562099
106.5 0.433235 0.00507156 0.561693
106.6 0.43371 0.00501055 0.56128
106.7 0.43419 0.00495099 0.560859
106.8 0.434677 0.00489285 0.56043
106.9 0.43517 0.00483611 0.559994
107 0.435668 0.00478074 0.559551
107.1 0.436172 0.00472672 0.559102
107.2 0.436681 0.00467403 0.558645
107.3 0.437195 0.00462263 0.558182
107.4 0.437714 0.00457251 0.557713
107.5 0.438239 0.00452365 0.557238
107.6 0.438767 0.00447603 0.556757
107.7 0.439301 0.00442961 0.55627
107.8 0.439838 0.00438439 0.555777
107.9 0.44038 0.00434033 0.55528
108 0.440926 0.00429742 0.554777
108.1 0.441476 0.00425564 0.554269
108.2 0.442029 0.00421497 0.553756
108.3 0.442586 0.00417538 0.553239
108.4 0.443146 0.00413687 0.552717
108.5 0.44371 0.00409941 0.55219
108.6 0.444277 0.00406297 0.55166
108.7 0.444847 0.00402756 0.551125
108.8 0.44542 0.00399314 0.550587
108.9 0.445995 0.0039597 0.550045
109 0.446574 0.00392723 0.549499
109.1 0.447154 0.0038957 0.54895
109.2 0.447737 0.0038651 0.548398
109.3 0.448323 0.00383542 0.547842
109.4 0.44891 0.00380665 0.547283
109.5 0.4495 0.00377875 0.546721
109.6 0.450091 0.00375174 0.546157
109.7 0.450684 0.00372558 0.54559
109.8 0.451279 0.00370026 0.54502
109.9 0.451876 0.00367578 0.544448
110 0.452474 0.00365212 0.543874
110.1 0.453073 0.00362926 0.543298
110.2 0.453674 0.00360721 0.542719
110.3 0.454275 0.00358593 0.542139
110.4 0.454878 0.00356543 0.541556
110.5 0.455482 0.00354569 0.540973
110.6 0.456086 0.0035267 0.540387
110.7 0.456692 0.00350845 0.5398
110.8 0.457298 0.00349094 0.539212
110.9 0.457904 0.00347414 0.538622
111 0.458511 0.00345806 0.538031
111.1 0.459118 0.00344268 0.537439
111.2 0.459726 0.003428 0.536846
111.3 0.460334 0.00341401 0.536252
111.4 0.460942 0.00340069 0.535658
111.5 0.461549 0.00338805 0.535063
111.6 0.462157 0.00337607 0.534467
111.7 0.462765 0.00336476 0.53387
111.8 0.463372 0.00335409 0.533274
111.9 0.463979 0.00334406 0.532677
112 0.464586 0.00333468 0.53208
112.1 0.465192 0.00332593 0.531482
112.2 0.465797 0.0033178 0.530885
112.3 0.466402 0.0033103 0.530288
112.4 0.467006 0.00330342 0.529691
112.5 0.467609 0.00329715 0.529094
112.6 0.468211 0.00329149 0.528497
112.7 0.468813 0.00328643 0.527901
112.8 0.469413 0.00328197 0.527305
112.9 0.470012 0.00327811 0.52671
113 0.47061 0.00327485 0.526116
113.1 0.471206 0.00327217 0.525522
113.2 0.471801 0.00327008 0.524929
113.3 0.472395 0.00326858 0.524337
113.4 0.472987 0.00326766 0.523746
113.5 0.473577 0.00326732 0.523156
113.6 0.474166 0.00326756 0.522567
113.7 0.474752 0.00326837 0.521979
113.8 0.475337 0.00326976 0.521393
113.9 0.47592 0.00327173 0.520808
114 0.476501 0.00327427 0.520224
114.1 0.47708 0.00327738 0.519642
114.2 0.477657 0.00328107 0.519062
114.3 0.478232 0.00328532 0.518483
114.4 0.478804 0.00329015 0.517906
114.5 0.479374 0.00329555 0.517331
114.6 0.479941 0.00330152 0.516757
114.7 0.480506 0.00330807 0.516186
114.8 0.481068 0.00331518 0.515617
114.9 0.481627 0.00332288 0.51505
115 0.482184 0.00333114 0.514485
115.1 0.482738 0.00333999 0.513922
115.2 0.483289 0.00334941 0.513362
115.3 0.483836 0.00335942 0.512804
115.4 0.484381 0.00337 0.512249
115.5 0.484923 0.00338117 0.511696
115.6 0.485461 0.00339292 0.511146
115.7 0.485996 0.00340527 0.510599
115.8 0.486527 0.0034182 0.510054
115.9 0.487055 0.00343173 0.509513
116 0.48758 0.00344586 0.508974
116.1 0.488101 0.00346059 0.508439
116.2 0.488618 0.00347592 0.507906
116.3 0.489131 0.00349186 0.507377
116.4 0.48964 0.00350841 0.506851
116.5 0.490146 0.00352557 0.506329
116.6 0.490647 0.00354335 0.50581
116.7 0.491144 0.00356176 0.505294
116.8 0.491637 0.00358079 0.504782
116.9 0.492126 0.00360045 0.504274
117 0.49261 0.00362075 0.50377
117.1 0.493089 0.00364169 0.503269
117.2 0.493565 0.00366327 0.502772
117.3 0.494035 0.0036855 0.502279
117.4 0.494501 0.00370839 0.501791
117.5 0.494962 0.00373194 0.501307
117.6 0.495417 0.00375616 0.500826
117.7 0.495868 0.00378104 0.500351
117.8 0.496314 0.0038066 0.499879
117.9 0.496755 0.00383285 0.499412
118 0.49719 0.00385978 0.49895
118.1 0.49762 0.0038874 0.498493
118.2 0.498044 0.00391573 0.49804
118.3 0.498463 0.00394476 0.497592
118.4 0.498876 0.0039745 0.497149
118.5 0.499284 0.00400495 0.496711
118.6 0.499685 0.00403613 0.496278
118.7 0.500081 0.00406804 0.495851
118.8 0.500471 0.00410068 0.495429
118.9 0.500854 0.00413407 0.495012
119 0.501231 0.0041682 0.494601
119.1 0.501602 0.00420308 0.494195
119.2 0.501966 0.00423873 0.493795
119.3 0.502324 0.00427514 0.493401
119.4 0.502675 0.00431232 0.493013
119.5 0.503019 0.00435028 0.49263
119.6 0.503357 0.00438902 0.492254
119.7 0.503687 0.00442855 0.491884
119.8 0.504011 0.00446888 0.49152
119.9 0.504327 0.00451001 0.491163
120 0.504636 0.00455194 0.490812
120.1 0.504938 0.00459469 0.490468
120.2 0.505232 0.00463825 0.49013
120.3 0.505518 0.00468264 0.489799
120.4 0.505797 0.00472785 0.489475
120.5 0.506068 0.0047739 0.489158
120.6 0.506331 0.00482078 0.488848
120.7 0.506586 0.0048685 0.488545
120.8 0.506833 0.00491707 0.48825
120.9 0.507072 0.00496648 0.487962
121 0.507302 0.00501675 0.487681
121.1 0.507524 0.00506788 0.487408
121.2 0.507737 0.00511986 0.487143
121.3 0.507942 0.0051727 0.486885
121.4 0.508138 0.00522641 0.486636
121.5 0.508325 0.00528098 0.486394
121.6 0.508503 0.00533642 0.486161
121.7 0.508672 0.00539272 0.485935
121.8 0.508832 0.00544989 0.485718
121.9 0.508982 0.00550793 0.48551
122 0.509123 0.00556684 0.48531
122.1 0.509255 0.00562661 0.485119
122.2 0.509376 0.00568724 0.484936
122.3 0.509489 0.00574874 0.484763
122.4 0.509591 0.00581109 0.484598
122.5 0.509683 0.0058743 0.484442
122.6 0.509766 0.00593836 0.484296
122.7 0.509838 0.00600326 0.484159
122.8 0.5099 0.00606901 0.484031
122.9 0.509952 0.00613558 0.483912
123 0.509993 0.00620299 0.483804
123.1 0.510024 0.00627121 0.483704
123.2 0.510045 0.00634024 0.483615
123.3 0.510055 0.00641007 0.483535
123.4 0.510054 0.00648068 0.483466
123.5 0.510042 0.00655207 0.483406
123.6 0.510019 0.00662423 0.483357
123.7 0.509986 0.00669713 0.483317
123.8 0.509941 0.00677077 0.483288
123.9 0.509885 0.00684513 0.483269
124 0.509819 0.00692019 0.483261
124.1 0.50974 0.00699594 0.483264
124.2 0.509651 0.00707235 0.483276
124.3 0.509551 0.00714941 0.4833
124.4 0.509439 0.00722708 0.483334
124.5 0.509315 0.00730537 0.483379
124.6 0.50918 0.00738422 0.483435
124.7 0.509034 0.00746363 0.483502
124.8 0.508876 0.00754357 0.48358
124.9 0.508707 0.00762401 0.483669
125 0.508526 0.00770491 0.483769
125.1 0.508333 0.00778626 0.48388
125.2 0.508129 0.00786802 0.484003
125.3 0.507914 0.00795015 0.484136
125.4 0.507686 0.00803262 0.484281
125.5 0.507448 0.00811541 0.484437
125.6 0.507197 0.00819846 0.484604
125.7 0.506935 0.00828175 0.484783
125.8 0.506662 0.00836524 0.484973
125.9 0.506377 0.00844888 0.485174
126 0.506081 0.00853263 0.485386
126.1 0.505773 0.00861646 0.48561
126.2 0.505454 0.00870032 0.485845
126.3 0.505124 0.00878415 0.486092
126.4 0.504783 0.00886793 0.486349
126.5 0.50443 0.0089516 0.486618
126.6 0.504067 0.00903511 0.486898
126.7 0.503692 0.00911841 0.487189
126.8 0.503307 0.00920146 0.487491
126.9 0.502911 0.0092842 0.487805
127 0.502505 0.00936658 0.488129
127.1 0.502088 0.00944855 0.488464
127.2 0.50166 0.00953006 0.48881
127.3 0.501223 0.00961105 0.489166
127.4 0.500775 0.00969146 0.489534
127.5 0.500318 0.00977125 0.489911
127.6 0.49985 0.00985035 0.490299
127.7 0.499373 0.00992871 0.490698
127.8 0.498887 0.0100063 0.491106
127.9 0.498392 0.010083 0.491525
128 0.497888 0.0101588 0.491954
128.1 0.497374 0.0102336 0.492392
128.2 0.496853 0.0103074 0.49284
128.3 0.496323 0.0103801 0.493297
128.4 0.495784 0.0104517 0.493764
128.5 0.495238 0.0105221 0.49424
128.6 0.494684 0.0105913 0.494724
128.7 0.494123 0.0106591 0.495218
128.8 0.493555 0.0107256 0.495719
128.9 0.49298 0.0107907 0.49623
129 0.492398 0.0108543 0.496748
129.1 0.49181 0.0109163 0.497274
129.2 0.491215 0.0109769 0.497808
129.3 0.490615 0.0110357 0.498349
129.4 0.49001 0.011093 0.498897
129.5 0.489399 0.0111485 0.499452
129.6 0.488784 0.0112022 0.500014
129.7 0.488163 0.0112541 0.500582
129.8 0.487539 0.0113042 0.501157
129.9 0.48691 0.0113524 0.501737
130 0.486278 0.0113986 0.502323
130.1 0.485643 0.0114429 0.502914
130.2 0.485005 0.0114851 0.50351
130.3 0.484363 0.0115253 0.504111
130.4 0.48372 0.0115635 0.504717
130.5 0.483074 0.0115995 0.505326
130.6 0.482427 0.0116334 0.505939
130.7 0.481779 0.0116651 0.506556
130.8 0.481129 0.0116947 0.507176
130.9 0.480479 0.011722 0.507799
131 0.479828 0.0117472 0.508425
131.1 0.479178 0.0117701 0.509052
131.2 0.478527 0.0117907 0.509682
131.3 0.477878 0.0118091 0.510313
131.4 0.477229 0.0118252 0.510946
131.5 0.476581 0.011839 0.51158
131.6 0.475936 0.0118505 0.512214
131.7 0.475292 0.0118598 0.512849
131.8 0.47465 0.0118667 0.513483
131.9 0.474011 0.0118714 0.514118
132 0.473375 0.0118738 0.514751
132.1 0.472742 0.011874 0.515384
132.2 0.472112 0.0118719 0.516016
132.3 0.471487 0.0118675 0.516646
132.4 0.470865 0.011861 0.517274
132.5 0.470248 0.0118522 0.5179
132.6 0.469635 0.0118412 0.518523
132.7 0.469028 0.0118281 0.519144
132.8 0.468425 0.0118128 0.519762
132.9 0.467829 0.0117954 0.520376
133 0.467237 0.0117759 0.520987
133.1 0.466652 0.0117544 0.521593
133.2 0.466073 0.0117308 0.522196
133.3 0.465501 0.0117053 0.522794
133.4 0.464935 0.0116778 0.523387
133.5 0.464377 0.0116484 0.523975
133.6 0.463825 0.0116171 0.524558
133.7 0.463281 0.0115839 0.525135
133.8 0.462744 0.011549 0.525707
133.9 0.462216 0.0115123 0.526272
134 0.461695 0.0114739 0.526831
134.1 0.461182 0.0114338 0.527384
134.2 0.460678 0.0113922 0.52793
134.3 0.460182 0.0113489 0.528469
134.4 0.459695 0.0113041 0.529001
134.5 0.459217 0.0112579 0.529525
134.6 0.458747 0.0112102 0.530042
134.7 0.458287 0.0111612 0.530552
134.8 0.457836 0.0111108 0.531053
134.9 0.457394 0.0110591 0.531547
135 0.456962 0.0110062 0.532032
135.1 0.456539 0.0109522 0.532509
135.2 0.456126 0.010897 0.532977
135.3 0.455723 0.0108407 0.533437
135.4 0.455329 0.0107835 0.533887
135.5 0.454946 0.0107252 0.534329
135.6 0.454572 0.0106661 0.534762
135.7 0.454208 0.010606 0.535186
135.8 0.453855 0.0105452 0.5356
135.9 0.453511 0.0104836 0.536005
136 0.453178 0.0104212 0.536401
136.1 0.452855 0.0103582 0.536787
136.2 0.452542 0.0102946 0.537164
136.3 0.452239 0.0102304 0.537531
136.4 0.451946 0.0101656 0.537888
136.5 0.451664 0.0101004 0.538235
136.6 0.451392 0.0100347 0.538573
136.7 0.451131 0.00996868 0.538901
136.8 0.450879 0.00990228 0.539218
136.9 0.450638 0.00983557 0.539526
137 0.450407 0.00976861 0.539824
137.1 0.450186 0.00970142 0.540112
137.2 0.449976 0.00963405 0.54039
137.3 0.449775 0.00956654 0.540658
137.4 0.449585 0.00949893 0.540916
137.5 0.449405 0.00943126 0.541164
137.6 0.449234 0.00936355 0.541402
137.7 0.449074 0.00929586 0.54163
137.8 0.448923 0.0092282 0.541849
137.9 0.448783 0.00916062 0.542057
138 0.448652 0.00909315 0.542255
138.1 0.44853 0.00902582 0.542444
138.2 0.448419 0.00895866 0.542622
138.3 0.448317 0.0088917 0.542791
138.4 0.448224 0.00882497 0.542951
138.5 0.448141 0.0087585 0.5431
138.6 0.448067 0.0086923 0.54324
138.7 0.448003 0.00862642 0.543371
138.8 0.447948 0.00856086 0.543492
138.9 0.447901 0.00849567 0.543603
139 0.447864 0.00843085 0.543705
139.1 0.447835 0.00836643 0.543798
139.2 0.447816 0.00830243 0.543882
139.3 0.447805 0.00823887 0.543957
139.4 0.447802 0.00817578 0.544022
139.5 0.447808 0.00811315 0.544079
139.6 0.447823 0.00805103 0.544126
139.7 0.447845 0.00798941 0.544165
139.8 0.447876 0.00792832 0.544195
139.9 0.447915 0.00786777 0.544217
140 0.447962 0.00780778 0.54423
140.1 0.448017 0.00774835 0.544235
140.2 0.44808 0.0076895 0.544231
140.3 0.44815 0.00763124 0.544219
140.4 0.448227 0.00757359 0.544199
140.5 0.448313 0.00751655 0.544171
140.6 0.448405 0.00746013 0.544135
140.7 0.448505 0.00740434 0.544091
140.8 0.448611 0.00734918 0.544039
140.9 0.448725 0.00729468 0.54398
141 0.448846 0.00724083 0.543914
141.1 0.448973 0.00718763 0.543839
141.2 0.449107 0.0071351 0.543758
141.3 0.449247 0.00708325 0.543669
141.4 0.449394 0.00703206 0.543574
141.5 0.449547 0.00698156 0.543471
141.6 0.449707 0.00693174 0.543362
141.7 0.449872 0.00688261 0.543245
141.8 0.450044 0.00683417 0.543122
141.9 0.450221 0.00678642 0.542993
142 0.450404 0.00673936 0.542857
142.1 0.450592 0.006693 0.542715
142.2 0.450786 0.00664734 0.542566
142.3 0.450986 0.00660238 0.542412
142.4 0.451191 0.00655811 0.542251
142.5 0.4514 0.00651455 0.542085
142.6 0.451615 0.00647169 0.541913
142.7 0.451835 0.00642952 0.541735
142.8 0.45206 0.00638805 0.541552
142.9 0.45229 0.00634729 0.541363
143 0.452524 0.00630721 0.541169
143.1 0.452763 0.00626784 0.54097
143.2 0.453006 0.00622916 0.540765
143.3 0.453253 0.00619117 0.540556
143.4 0.453505 0.00615388 0.540341
143.5 0.453761 0.00611727 0.540122
143.6 0.45402 0.00608135 0.539898
143.7 0.454284 0.00604612 0.53967
143.8 0.454551 0.00601156 0.539437
143.9 0.454823 0.00597769 0.5392
144 0.455097 0.0059445 0.538958
144.1 0.455375 0.00591197 0.538713
144.2 0.455657 0.00588012 0.538463
144.3 0.455942 0.00584894 0.538209
144.4 0.45623 0.00581843 0.537952
144.5 0.456521 0.00578857 0.53769
144.6 0.456815 0.00575938 0.537425
144.7 0.457112 0.00573084 0.537157
144.8 0.457412 0.00570295 0.536885
144.9 0.457715 0.00567571 0.536609
145 0.45802 0.00564912 0.536331
145.1 0.458328 0.00562316 0.536049
145.2 0.458638 0.00559785 0.535764
145.3 0.458951 0.00557317 0.535476
145.4 0.459265 0.00554913 0.535186
145.5 0.459582 0.00552571 0.534892
145.6 0.459901 0.00550291 0.534596
145.7 0.460222 0.00548074 0.534297
145.8 0.460545 0.00545918 0.533996
145.9 0.46087 0.00543823 0.533692
146 0.461196 0.0054179 0.533386
146.1 0.461524 0.00539817 0.533078
146.2 0.461854 0.00537905 0.532767
146.3 0.462185 0.00536052 0.532455
146.4 0.462517 0.00534259 0.53214
146.5 0.462851 0.00532526 0.531824
146.6 0.463185 0.00530851 0.531506
146.7 0.463521 0.00529235 0.531186
146.8 0.463858 0.00527677 0.530865
146.9 0.464196 0.00526177 0.530542
147 0.464535 0.00524735 0.530217
147.1 0.464875 0.0052335 0.529892
147.2 0.465215 0.00522022 0.529564
147.3 0.465556 0.00520751 0.529236
147.4 0.465898 0.00519536 0.528907
147.5 0.46624 0.00518377 0.528576
147.6 0.466582 0.00517274 0.528245
147.7 0.466925 0.00516226 0.527913
147.8 0.467268 0.00515234 0.527579
147.9 0.467611 0.00514296 0.527246
148 0.467955 0.00513413 0.526911
148.1 0.468298 0.00512585 0.526576
148.2 0.468641 0.00511811 0.526241
148.3 0.468984 0.0051109 0.525905
148.4 0.469327 0.00510423 0.525568
148.5 0.46967 0.0050981 0.525232
148.6 0.470012 0.0050925 0.524895
148.7 0.470354 0.00508742 0.524558
148.8 0.470696 0.00508288 0.524221
148.9 0.471037 0.00507885 0.523884
149 0.471377 0.00507536 0.523548
149.1 0.471716 0.00507238 0.523211
149.2 0.472055 0.00506992 0.522875
149.3 0.472393 0.00506797 0.522539
149.4 0.47273 0.00506654 0.522203
149.5 0.473066 0.00506563 0.521868
149.6 0.473401 0.00506522 0.521534
149.7 0.473735 0.00506532 0.5212
149.8 0.474067 0.00506593 0.520867
149.9 0.474399 0.00506705 0.520534
150 0.474729 0.00506867 0.520202
150.1 0.475058 0.00507079 0.519872
150.2 0.475385 0.00507341 0.519542
150.3 0.475711 0.00507654 0.519213
150.4 0.476035 0.00508016 0.518885
150.5 0.476357 0.00508427 0.518559
150.6 0.476678 0.00508888 0.518233
150.7 0.476997 0.00509399 0.517909
150.8 0.477314 0.00509959 0.517587
150.9 0.477629 0.00510568 0.517265
151 0.477942 0.00511226 0.516946
151.1 0.478253 0.00511933 0.516628
151.2 0.478562 0.00512688 0.516311
151.3 0.478869 0.00513492 0.515996
151.4 0.479174 0.00514345 0.515683
151.5 0.479476 0.00515246 0.515372
151.6 0.479776 0.00516196 0.515062
151.7 0.480073 0.00517193 0.514755
151.8 0.480368 0.00518239 0.514449
151.9 0.480661 0.00519333 0.514146
152 0.48095 0.00520474 0.513845
152.1 0.481238 0.00521664 0.513546
152.2 0.481522 0.00522901 0.513249
152.3 0.481803 0.00524185 0.512955
152.4 0.482082 0.00525517 0.512663
152.5 0.482358 0.00526897 0.512373
152.6 0.482631 0.00528323 0.512086
152.7 0.482901 0.00529797 0.511801
152.8 0.483167 0.00531317 0.51152
152.9 0.483431 0.00532885 0.51124
153 0.483691 0.00534499 0.510964
153.1 0.483948 0.0053616 0.51069
153.2 0.484202 0.00537867 0.510419
153.3 0.484452 0.00539621 0.510152
153.4 0.484699 0.00541421 0.509887
153.5 0.484942 0.00543267 0.509625
153.6 0.485182 0.00545159 0.509366
153.7 0.485418 0.00547097 0.509111
153.8 0.485651 0.0054908 0.508859
153.9 0.485879 0.00551109 0.50861
154 0.486104 0.00553184 0.508364
154.1 0.486325 0.00555303 0.508122
154.2 0.486543 0.00557467 0.507883
154.3 0.486756 0.00559677 0.507648
154.4 0.486965 0.0056193 0.507416
154.5 0.48717 0.00564228 0.507188
154.6 0.487371 0.0056657 0.506963
154.7 0.487568 0.00568956 0.506742
154.8 0.487761 0.00571386 0.506525
154.9 0.487949 0.00573859 0.506312
155 0.488133 0.00576375 0.506103
155.1 0.488313 0.00578934 0.505898
155.2 0.488488 0.00581536 0.505697
155.3 0.488659 0.0058418 0.505499
155.4 0.488825 0.00586866 0.505306
155.5 0.488987 0.00589593 0.505117
155.6 0.489144 0.00592362 0.504932
155.7 0.489296 0.00595172 0.504752
155.8 0.489444 0.00598022 0.504576
155.9 0.489587 0.00600912 0.504404
156 0.489725 0.00603843 0.504236
156.1 0.489859 0.00606812 0.504073
156.2 0.489987 0.0060982 0.503914
156.3 0.490111 0.00612867 0.50376
156.4 0.49023 0.00615952 0.503611
156.5 0.490343 0.00619074 0.503466
156.6 0.490452 0.00622233 0.503326
156.7 0.490556 0.00625429 0.50319
156.8 0.490654 0.0062866 0.503059
156.9 0.490747 0.00631927 0.502933
157 0.490835 0.00635228 0.502812
157.1 0.490918 0.00638563 0.502696
157.2 0.490996 0.00641932 0.502585
157.3 0.491069 0.00645334 0.502478
157.4 0.491136 0.00648767 0.502377
157.5 0.491198 0.00652232 0.50228
157.6 0.491254 0.00655728 0.502189
157.7 0.491305 0.00659253 0.502102
157.8 0.491351 0.00662807 0.502021
157.9 0.491391 0.0066639 0.501945
158 0.491426 0.0067 0.501874
158.1 0.491455 0.00673637 0.501808
158.2 0.491479 0.00677299 0.501748
158.3 0.491498 0.00680986 0.501692
158.4 0.491511 0.00684697 0.501642
158.5 0.491518 0.00688431 0.501598
158.6 0.49152 0.00692186 0.501558
158.7 0.491516 0.00695963 0.501524
158.8 0.491507 0.00699759 0.501496
158.9 0.491492 0.00703574 0.501472
159 0.491472 0.00707407 0.501454
159.1 0.491446 0.00711256 0.501442
159.2 0.491414 0.00715121 0.501435
159.3 0.491377 0.00719 0.501433
159.4 0.491334 0.00722892 0.501437
159.5 0.491286 0.00726796 0.501446
159.6 0.491232 0.00730711 0.501461
159.7 0.491173 0.00734634 0.501481
159.8 0.491108 0.00738566 0.501506
159.9 0.491038 0.00742504 0.501537
160 0.490962 0.00746448 0.501574
160.1 0.490881 0.00750396 0.501615
160.2 0.490794 0.00754346 0.501663
160.3 0.490702 0.00758297 0.501715
160.4 0.490604 0.00762248 0.501774
160.5 0.490501 0.00766198 0.501837
160.6 0.490392 0.00770144 0.501906
160.7 0.490278 0.00774085 0.501981
160.8 0.490159 0.0077802 0.50206
160.9 0.490035 0.00781948 0.502146
161 0.489905 0.00785866 0.502236
161.1 0.489771 0.00789773 0.502332
161.2 0.489631 0.00793667 0.502433
161.3 0.489486 0.00797547 0.502539
161.4 0.489335 0.00801412 0.50265
161.5 0.48918 0.00805259 0.502767
161.6 0.48902 0.00809088 0.502889
161.7 0.488855 0.00812895 0.503016
161.8 0.488685 0.00816681 0.503148
161.9 0.488511 0.00820442 0.503285
162 0.488331 0.00824177 0.503427
162.1 0.488147 0.00827886 0.503574
162.2 0.487958 0.00831565 0.503726
162.3 0.487765 0.00835213 0.503883
162.4 0.487567 0.0083883 0.504044
162.5 0.487365 0.00842412 0.50421
162.6 0.487159 0.00845958 0.504381
162.7 0.486948 0.00849467 0.504557
162.8 0.486733 0.00852936 0.504737
162.9 0.486515 0.00856365 0.504922
163 0.486292 0.00859751 0.505111
163.1 0.486065 0.00863094 0.505304
163.2 0.485834 0.0086639 0.505502
163.3 0.4856 0.00869639 0.505704
163.4 0.485362 0.0087284 0.50591
163.5 0.48512 0.00875989 0.50612
163.6 0.484875 0.00879087 0.506334
163.7 0.484626 0.0088213 0.506552
163.8 0.484375 0.00885119 0.506774
163.9 0.48412 0.00888051 0.507
164 0.483862 0.00890925 0.507229
164.1 0.483601 0.00893738 0.507462
164.2 0.483337 0.00896491 0.507698
164.3 0.48307 0.00899182 0.507938
164.4 0.482801 0.00901808 0.508181
164.5 0.482529 0.0090437 0.508427
164.6 0.482255 0.00906865 0.508676
164.7 0.481978 0.00909292 0.508929
164.8 0.4817 0.0091165 0.509184
164.9 0.481419 0.00913938 0.509442
165 0.481136 0.00916155 0.509702
165.1 0.480851 0.009183 0.509966
165.2 0.480565 0.00920371 0.510231
165.3 0.480277 0.00922368 0.510499
165.4 0.479987 0.00924289 0.51077
165.5 0.479697 0.00926134 0.511042
165.6 0.479404 0.00927902 0.511317
165.7 0.479111 0.00929592 0.511593
165.8 0.478817 0.00931203 0.511871
165.9 0.478521 0.00932735 0.512151
166 0.478225 0.00934187 0.512433
166.1 0.477929 0.00935558 0.512716
166.2 0.477631 0.00936848 0.513
166.3 0.477334 0.00938056 0.513286
166.4 0.477036 0.00939181 0.513572
166.5 0.476738 0.00940225 0.51386
166.6 0.476439 0.00941185 0.514149
166.7 0.476141 0.00942062 0.514438
166.8 0.475843 0.00942856 0.514728
166.9 0.475546 0.00943565 0.515019
167 0.475248 0.00944192 0.51531
167.1 0.474952 0.00944734 0.515601
167.2 0.474656 0.00945193 0.515892
167.3 0.474361 0.00945568 0.516184
167.4 0.474066 0.00945859 0.516475
167.5 0.473773 0.00946067 0.516766
167.6 0.473481 0.00946192 0.517057
167.7 0.47319 0.00946234 0.517348
167.8 0.4729 0.00946193 0.517638
167.9 0.472612 0.0094607 0.517927
168 0.472325 0.00945865 0.518216
168.1 0.47204 0.00945579 0.518504
168.2 0.471757 0.00945213 0.518791
168.3 0.471476 0.00944766 0.519076
168.4 0.471197 0.00944239 0.519361
168.5 0.47092 0.00943634 0.519644
168.6 0.470645 0.00942951 0.519926
168.7 0.470372 0.0094219 0.520206
168.8 0.470102 0.00941353 0.520485
168.9 0.469834 0.00940441 0.520762
169 0.469569 0.00939453 0.521037
169.1 0.469306 0.00938392 0.52131
169.2 0.469046 0.00937258 0.521581
169.3 0.468789 0.00936053 0.52185
169.4 0.468535 0.00934777 0.522117
169.5 0.468284 0.00933432 0.522381
169.6 0.468036 0.00932018 0.522643
169.7 0.467792 0.00930537 0.522903
169.8 0.46755 0.0092899 0.52316
169.9 0.467312 0.00927378 0.523414
170 0.467077 0.00925703 0.523666
170.1 0.466846 0.00923965 0.523914
170.2 0.466618 0.00922167 0.52416
170.3 0.466394 0.0092031 0.524403
170.4 0.466174 0.00918394 0.524642
170.5 0.465957 0.00916421 0.524879
170.6 0.465744 0.00914393 0.525112
170.7 0.465535 0.00912311 0.525342
170.8 0.46533 0.00910177 0.525568
170.9 0.465128 0.00907992 0.525792
171 0.464931 0.00905757 0.526011
171.1 0.464738 0.00903473 0.526227
171.2 0.464549 0.00901144 0.52644
171.3 0.464364 0.00898769 0.526648
171.4 0.464183 0.00896351 0.526853
171.5 0.464007 0.0089389 0.527055
171.6 0.463834 0.00891389 0.527252
171.7 0.463666 0.00888849 0.527445
171.8 0.463502 0.00886271 0.527635
171.9 0.463343 0.00883657 0.52782
172 0.463188 0.00881009 0.528002
172.1 0.463038 0.00878327 0.528179
172.2 0.462891 0.00875614 0.528353
172.3 0.46275 0.00872871 0.528522
172.4 0.462612 0.008701 0.528687
172.5 0.46248 0.00867301 0.528847
172.6 0.462351 0.00864477 0.529004
172.7 0.462228 0.00861629 0.529156
172.8 0.462108 0.00858759 0.529304
172.9 0.461994 0.00855867 0.529448
173 0.461883 0.00852955 0.529587
173.1 0.461778 0.00850025 0.529722
173.2 0.461677 0.00847078 0.529853
173.3 0.46158 0.00844116 0.529979
173.4 0.461488 0.0084114 0.530101
173.5 0.4614 0.00838151 0.530218
173.6 0.461317 0.0083515 0.530331
173.7 0.461239 0.0083214 0.53044
173.8 0.461165 0.0082912 0.530544
173.9 0.461096 0.00826094 0.530643
174 0.461031 0.00823061 0.530739
174.1 0.46097 0.00820023 0.530829
174.2 0.460914 0.00816982 0.530916
174.3 0.460863 0.00813938 0.530998
174.4 0.460816 0.00810893 0.531075
174.5 0.460773 0.00807848 0.531148
174.6 0.460735 0.00804804 0.531217
174.7 0.460701 0.00801762 0.531281
174.8 0.460671 0.00798723 0.531341
174.9 0.460646 0.00795689 0.531397
175 0.460625 0.00792661 0.531448
175.1 0.460609 0.00789639 0.531495
175.2 0.460596 0.00786625 0.531537
175.3 0.460588 0.00783619 0.531576
175.4 0.460584 0.00780623 0.531609
175.5 0.460585 0.00777637 0.531639
175.6 0.460589 0.00774663 0.531665
175.7 0.460597 0.00771701 0.531686
175.8 0.46061 0.00768753 0.531703
175.9 0.460626 0.00765818 0.531716
176 0.460647 0.00762899 0.531724
176.1 0.460671 0.00759995 0.531729
176.2 0.460699 0.00757108 0.531729
176.3 0.460732 0.00754239 0.531726
176.4 0.460768 0.00751387 0.531718
176.5 0.460808 0.00748555 0.531707
176.6 0.460851 0.00745742 0.531691
176.7 0.460898 0.00742949 0.531672
176.8 0.460949 0.00740178 0.531649
176.9 0.461004 0.00737428 0.531622
177 0.461062 0.007347 0.531591
177.1 0.461124 0.00731996 0.531556
177.2 0.461189 0.00729314 0.531518
177.3 0.461257 0.00726657 0.531476
177.4 0.461329 0.00724025 0.53143
177.5 0.461405 0.00721417 0.531381
177.6 0.461483 0.00718836 0.531328
177.7 0.461565 0.0071628 0.531272
177.8 0.46165 0.00713751 0.531212
177.9 0.461738 0.0071125 0.531149
178 0.46183 0.00708776 0.531083
178.1 0.461924 0.00706329 0.531013
178.2 0.462021 0.00703912 0.53094
178.3 0.462122 0.00701523 0.530863
178.4 0.462225 0.00699163 0.530784
178.5 0.462331 0.00696833 0.530701
178.6 0.46244 0.00694533 0.530615
178.7 0.462551 0.00692263 0.530526
178.8 0.462665 0.00690024 0.530434
178.9 0.462782 0.00687816 0.530339
179 0.462902 0.00685639 0.530242
179.1 0.463024 0.00683493 0.530141
179.2 0.463148 0.00681379 0.530038
179.3 0.463275 0.00679297 0.529932
179.4 0.463405 0.00677248 0.529823
179.5 0.463536 0.0067523 0.529711
179.6 0.46367 0.00673246 0.529597
179.7 0.463807 0.00671294 0.529481
179.8 0.463945 0.00669376 0.529361
179.9 0.464085 0.0066749 0.52924
180 0.464228 0.00665638 0.529116
180.1 0.464372 0.0066382 0.528989
180.2 0.464519 0.00662035 0.528861
180.3 0.464667 0.00660285 0.52873
180.4 0.464817 0.00658568 0.528597
180.5 0.464969 0.00656886 0.528462
180.6 0.465123 0.00655237 0.528324
180.7 0.465279 0.00653624 0.528185
180.8 0.465436 0.00652044 0.528044
180.9 0.465594 0.00650499 0.527901
181 0.465755 0.00648989 0.527755
181.1 0.465916 0.00647514 0.527609
181.2 0.466079 0.00646073 0.52746
181.3 0.466244 0.00644667 0.527309
181.4 0.46641 0.00643296 0.527157
181.5 0.466577 0.0064196 0.527004
181.6 0.466745 0.00640658 0.526848
181.7 0.466914 0.00639392 0.526692
181.8 0.467085 0.00638161 0.526533
181.9 0.467257 0.00636965 0.526374
182 0.467429 0.00635803 0.526213
182.1 0.467603 0.00634677 0.52605
182.2 0.467777 0.00633586 0.525887
182.3 0.467953 0.0063253 0.525722
182.4 0.468129 0.00631509 0.525556
182.5 0.468306 0.00630523 0.525389
182.6 0.468483 0.00629572 0.525221
182.7 0.468661 0.00628656 0.525052
182.8 0.46884 0.00627775 0.524882
182.9 0.469019 0.00626929 0.524711
183 0.469199 0.00626117 0.52454
183.1 0.46938 0.00625341 0.524367
183.2 0.46956 0.00624599 0.524194
183.3 0.469741 0.00623892 0.52402
183.4 0.469923 0.0062322 0.523845
183.5 0.470104 0.00622582 0.52367
183.6 0.470286 0.00621979 0.523494
183.7 0.470468 0.0062141 0.523318
183.8 0.47065 0.00620876 0.523141
183.9 0.470832 0.00620376 0.522964
184 0.471014 0.00619911 0.522787
184.1 0.471196 0.00619479 0.522609
184.2 0.471378 0.00619082 0.522431
184.3 0.47156 0.00618719 0.522253
184.4 0.471741 0.0061839 0.522075
184.5 0.471923 0.00618094 0.521896
184.6 0.472104 0.00617833 0.521718
184.7 0.472284 0.00617605 0.52154
184.8 0.472465 0.0061741 0.521361
184.9 0.472645 0.0061725 0.521183
185 0.472824 0.00617122 0.521005
185.1 0.473003 0.00617028 0.520827
185.2 0.473182 0.00616967 0.520649
185.3 0.473359 0.00616939 0.520471
185.4 0.473537 0.00616943 0.520294
185.5 0.473713 0.00616981 0.520117
185.6 0.473889 0.00617051 0.519941
185.7 0.474064 0.00617154 0.519765
185.8 0.474238 0.00617289 0.519589
185.9 0.474411 0.00617457 0.519414
186 0.474584 0.00617657 0.51924
186.1 0.474755 0.00617888 0.519066
186.2 0.474926 0.00618152 0.518893
186.3 0.475095 0.00618447 0.51872
186.4 0.475263 0.00618774 0.518549
186.5 0.475431 0.00619132 0.518378
186.6 0.475597 0.00619522 0.518208
186.7 0.475762 0.00619943 0.518039
186.8 0.475925 0.00620394 0.517871
186.9 0.476088 0.00620877 0.517704
187 0.476249 0.0062139 0.517537
187.1 0.476408 0.00621933 0.517372
187.2 0.476567 0.00622507 0.517208
187.3 0.476723 0.00623111 0.517045
187.4 0.476879 0.00623744 0.516884
187.5 0.477033 0.00624408 0.516723
187.6 0.477185 0.00625101 0.516564
187.7 0.477336 0.00625823 0.516406
187.8 0.477485 0.00626575 0.516249
187.9 0.477633 0.00627355 0.516094
188 0.477778 0.00628164 0.51594
188.1 0.477922 0.00629002 0.515788
188.2 0.478065 0.00629868 0.515637
188.3 0.478205 0.00630762 0.515487
188.4 0.478344 0.00631684 0.515339
188.5 0.478481 0.00632633 0.515193
188.6 0.478616 0.0063361 0.515048
188.7 0.478749 0.00634614 0.514905
188.8 0.47888 0.00635645 0.514764
188.9 0.479009 0.00636703 0.514624
189 0.479136 0.00637787 0.514486
189.1 0.479261 0.00638897 0.51435
189.2 0.479384 0.00640033 0.514216
189.3 0.479504 0.00641195 0.514084
189.4 0.479623 0.00642382 0.513953
189.5 0.479739 0.00643594 0.513825
189.6 0.479854 0.00644831 0.513698
189.7 0.479966 0.00646092 0.513573
189.8 0.480076 0.00647378 0.513451
189.9 0.480183 0.00648687 0.51333
190 0.480288 0.0065002 0.513212
190.1 0.480391 0.00651377 0.513095
190.2 0.480491 0.00652756 0.512981
190.3 0.48059 0.00654158 0.512869
190.4 0.480685 0.00655582 0.512759
190.5 0.480778 0.00657027 0.512651
190.6 0.480869 0.00658495 0.512546
190.7 0.480958 0.00659984 0.512443
190.8 0.481043 0.00661493 0.512342
190.9 0.481127 0.00663023 0.512243
191 0.481207 0.00664573 0.512147
191.1 0.481286 0.00666143 0.512053
191.2 0.481361 0.00667733 0.511961
191.3 0.481434 0.00669341 0.511872
191.4 0.481505 0.00670967 0.511786
191.5 0.481572 0.00672612 0.511701
191.6 0.481638 0.00674275 0.51162
191.7 0.4817 0.00675954 0.51154
191.8 0.48176 0.00677651 0.511464
191.9 0.481817 0.00679364 0.51139
192 0.481871 0.00681093 0.511318
192.1 0.481923 0.00682838 0.511249
192.2 0.481972 0.00684597 0.511182
192.3 0.482018 0.00686371 0.511118
192.4 0.482061 0.0068816 0.511057
192.5 0.482102 0.00689962 0.510998
192.6 0.48214 0.00691777 0.510942
192.7 0.482175 0.00693604 0.510889
192.8 0.482207 0.00695444 0.510838
192.9 0.482237 0.00697296 0.51079
193 0.482264 0.00699158 0.510745
193.1 0.482288 0.00701031 0.510702
193.2 0.482309 0.00702915 0.510662
193.3 0.482327 0.00704807 0.510625
193.4 0.482343 0.00706709 0.51059
193.5 0.482355 0.00708619 0.510558
193.6 0.482365 0.00710537 0.510529
193.7 0.482372 0.00712462 0.510503
193.8 0.482376 0.00714394 0.51048
193.9 0.482378 0.00716332 0.510459
194 0.482377 0.00718276 0.510441
194.1 0.482372 0.00720225 0.510425
194.2 0.482365 0.00722178 0.510413
194.3 0.482356 0.00724134 0.510403
194.4 0.482343 0.00726094 0.510396
194.5 0.482328 0.00728057 0.510392
194.6 0.482309 0.00730021 0.51039
194.7 0.482289 0.00731987 0.510392
194.8 0.482265 0.00733954 0.510396
194.9 0.482238 0.0073592 0.510402
195 0.482209 0.00737886 0.510412
195.1 0.482177 0.00739851 0.510424
195.2 0.482143 0.00741814 0.510439
195.3 0.482106 0.00743775 0.510457
195.4 0.482066 0.00745732 0.510477
195.5 0.482023 0.00747686 0.5105
195.6 0.481978 0.00749635 0.510526
195.7 0.48193 0.00751579 0.510554
195.8 0.481879 0.00753517 0.510585
195.9 0.481826 0.00755449 0.510619
196 0.481771 0.00757374 0.510656
196.1 0.481713 0.00759291 0.510695
196.2 0.481652 0.007612 0.510736
196.3 0.481589 0.007631 0.51078
196.4 0.481523 0.00764989 0.510827
196.5 0.481455 0.00766869 0.510876
196.6 0.481384 0.00768737 0.510928
196.7 0.481311 0.00770594 0.510983
196.8 0.481236 0.00772438 0.51104
196.9 0.481158 0.0077427 0.511099
197 0.481078 0.00776087 0.511161
197.1 0.480996 0.00777891 0.511225
197.2 0.480912 0.00779679 0.511291
197.3 0.480825 0.00781451 0.51136
197.4 0.480736 0.00783208 0.511432
197.5 0.480645 0.00784947 0.511505
197.6 0.480552 0.00786669 0.511581
197.7 0.480457 0.00788373 0.511659
197.8 0.48036 0.00790057 0.51174
197.9 0.48026 0.00791723 0.511822
198 0.480159 0.00793368 0.511907
198.1 0.480056 0.00794993 0.511994
198.2 0.479951 0.00796596 0.512083
198.3 0.479844 0.00798177 0.512174
198.4 0.479735 0.00799736 0.512267
198.5 0.479625 0.00801272 0.512362
198.6 0.479513 0.00802785 0.512459
198.7 0.479399 0.00804273 0.512558
198.8 0.479283 0.00805736 0.512659
198.9 0.479166 0.00807175 0.512762
199 0.479048 0.00808587 0.512867
199.1 0.478927 0.00809973 0.512973
199.2 0.478806 0.00811333 0.513081
199.3 0.478683 0.00812665 0.513191
199.4 0.478558 0.00813969 0.513302
199.5 0.478433 0.00815245 0.513415
199.6 0.478306 0.00816492 0.513529
199.7 0.478178 0.0081771 0.513645
199.8 0.478048 0.00818898 0.513763
199.9 0.477918 0.00820057 0.513882
